base 10: 50 roots, following all paths up to 1000 digits
  root  leaves  branches       height   largest leaf
     1       8         7     10^23.29       10^25.00
     2       3         2     10^14.29       10^16.00
     3       1         0            1             36
     4       1         0       199899        10^7.00
     5       4         3     10^14.32       10^16.00
     6      32        31     10^40.31       10^42.00
     7       1         0           14            936
     8       3         2     10^11.30       10^13.00
     9       3         2     10^22.33       10^24.00
    10       2         1     10^11.29       10^13.00
    13      66        65     10^85.31       10^87.00
    14       4         3      10^9.30       10^11.00
    15       1         0            1             72
    16       4         3     10^12.33       10^14.00
    17      31        30     10^52.32       10^54.00
    18       1         0            0             18
    19       1         0        21481         999981
    20  still alive at 1000 digits
    21       3         2         2073          99981
    25       1         0          192           9963
    26       2         1       199508        10^7.00
    27       1         0            0             27
    28       1         0          196           9927
    29       1         0      10^6.31        10^8.00
    30    1008      1007    10^363.30      10^365.00
    31       1         0            1             45
    32       1         0      10^7.30        10^9.00
    37       1         0          195           9918
    38      10         9     10^15.32       10^17.00
    39       1         0           19            918
    40       4         3     10^28.29       10^30.00
    41       1         0           18            954
    42       1         0         1980          99927
    43       1         0            1             81
    49       1         0          192           9945
    50       3         2     10^16.32       10^18.00
    51       8         7     10^16.32       10^18.00
    52       9         8     10^19.29       10^21.00
    53       1         0           20            972
    54       1         0            0             54
    62       2         1       205967        10^7.00
    63       1         0            0             63
    64     285       284    10^130.33      10^132.00
    65       1         0         2099          99963
    74       1         0           19            945
    75       1         0         2135          99954
    76       9         8     10^22.29       10^24.00
    86       1         0         1982          99918
    87       2         1     10^10.29       10^12.00
    98       1         0          204           9936
